###########################################
#Channel,        Pad,        X,        Y###
###########################################
0,         -100,          -100,           -100
1,         -100,          -100,           -100
2,         -100,          -100,           -100
3,         -100,          -100,           -100
4,         -100,          -100,           -100
5,         -100,          -100,           -100
6,         -100,          -100,           -100
7,         -100,          -100,           -100
8,         48,          0,           2
9,         24,          0,           1
10,         96,          0,           4
11,         72,          0,           3
12,         25,          1,           1
13,         0,          0,           0
14,         73,          1,           3
15,         49,          1,           2
16,         1,          1,           0
17,         97,          1,           4
18,         50,          2,           2
19,         26,          2,           1
20,         98,          2,           4
21,         74,          2,           3
22,         27,          3,           1
23,         2,          2,           0
24,         75,          3,           3
25,         51,          3,           2
26,         3,          3,           0
27,         99,          3,           4
28,         52,          4,           2
29,         28,          4,           1
30,         100,          4,           4
31,         76,          4,           3
32,         29,          5,           1
33,         4,          4,           0
34,         77,          5,           3
35,         53,          5,           2
36,         5,          5,           0
37,         101,          5,           4
38,         54,          6,           2
39,         30,          6,           1
40,         102,          6,           4
41,         78,          6,           3
42,         31,          7,           1
43,         6,          6,           0
44,         79,          7,           3
45,         55,          7,           2
46,         7,          7,           0
47,         103,          7,           4
48,         56,          8,           2
49,         32,          8,           1
50,         104,          8,           4
51,         80,          8,           3
52,         33,          9,           1
53,         8,          8,           0
54,         81,          9,           3
55,         57,          9,           2
56,         9,          9,           0
57,         105,          9,           4
58,         58,          10,           2
59,         34,          10,           1
60,         106,          10,           4
61,         82,          10,           3
62,         35,          11,           1
63,         10,          10,           0
64,         83,          11,           3
65,         59,          11,           2
66,         11,          11,           0
67,         107,          11,           4
68,         60,          12,           2
69,         36,          12,           1
70,         108,          12,           4
71,         84,          12,           3
72,         37,          13,           1
73,         12,          12,           0
74,         85,          13,           3
75,         61,          13,           2
76,         13,          13,           0
77,         109,          13,           4
78,         62,          14,           2
79,         38,          14,           1
80,         110,          14,           4
81,         86,          14,           3
82,         39,          15,           1
83,         14,          14,           0
84,         87,          15,           3
85,         63,          15,           2
86,         15,          15,           0
87,         111,          15,           4
88,         64,          16,           2
89,         40,          16,           1
90,         112,          16,           4
91,         88,          16,           3
92,         41,          17,           1
93,         16,          16,           0
94,         89,          17,           3
95,         65,          17,           2
96,         17,          17,           0
97,         113,          17,           4
98,         66,          18,           2
99,         42,          18,           1
100,         114,          18,           4
101,         90,          18,           3
102,         43,          19,           1
103,         18,          18,           0
104,         91,          19,           3
105,         67,          19,           2
106,         19,          19,           0
107,         115,          19,           4
108,         68,          20,           2
109,         44,          20,           1
110,         116,          20,           4
111,         92,          20,           3
112,         45,          21,           1
113,         20,          20,           0
114,         93,          21,           3
115,         69,          21,           2
116,         21,          21,           0
117,         117,          21,           4
118,         70,          22,           2
119,         46,          22,           1
120,         118,          22,           4
121,         94,          22,           3
122,         47,          23,           1
123,         22,          22,           0
124,         95,          23,           3
125,         71,          23,           2
126,         23,          23,           0
127,         119,          23,           4
128,         -100,          -100,           -100
129,         -100,          -100,           -100
130,         -100,          -100,           -100
131,         -100,          -100,           -100
132,         -100,          -100,           -100
133,         -100,          -100,           -100
134,         -100,          -100,           -100
135,         -100,          -100,           -100
136,         288,          0,           12
137,         264,          0,           11
138,         336,          0,           14
139,         312,          0,           13
140,         265,          1,           11
141,         240,          0,           10
142,         313,          1,           13
143,         289,          1,           12
144,         241,          1,           10
145,         337,          1,           14
146,         290,          2,           12
147,         266,          2,           11
148,         338,          2,           14
149,         314,          2,           13
150,         267,          3,           11
151,         242,          2,           10
152,         315,          3,           13
153,         291,          3,           12
154,         243,          3,           10
155,         339,          3,           14
156,         292,          4,           12
157,         268,          4,           11
158,         340,          4,           14
159,         316,          4,           13
160,         269,          5,           11
161,         244,          4,           10
162,         317,          5,           13
163,         293,          5,           12
164,         245,          5,           10
165,         341,          5,           14
166,         294,          6,           12
167,         270,          6,           11
168,         342,          6,           14
169,         318,          6,           13
170,         271,          7,           11
171,         246,          6,           10
172,         319,          7,           13
173,         295,          7,           12
174,         247,          7,           10
175,         343,          7,           14
176,         296,          8,           12
177,         272,          8,           11
178,         344,          8,           14
179,         320,          8,           13
180,         273,          9,           11
181,         248,          8,           10
182,         321,          9,           13
183,         297,          9,           12
184,         249,          9,           10
185,         345,          9,           14
186,         298,          10,           12
187,         274,          10,           11
188,         346,          10,           14
189,         322,          10,           13
190,         275,          11,           11
191,         250,          10,           10
192,         323,          11,           13
193,         299,          11,           12
194,         251,          11,           10
195,         347,          11,           14
196,         300,          12,           12
197,         276,          12,           11
198,         348,          12,           14
199,         324,          12,           13
200,         277,          13,           11
201,         252,          12,           10
202,         325,          13,           13
203,         301,          13,           12
204,         253,          13,           10
205,         349,          13,           14
206,         302,          14,           12
207,         278,          14,           11
208,         350,          14,           14
209,         326,          14,           13
210,         279,          15,           11
211,         254,          14,           10
212,         327,          15,           13
213,         303,          15,           12
214,         255,          15,           10
215,         351,          15,           14
216,         304,          16,           12
217,         280,          16,           11
218,         352,          16,           14
219,         328,          16,           13
220,         281,          17,           11
221,         256,          16,           10
222,         329,          17,           13
223,         305,          17,           12
224,         257,          17,           10
225,         353,          17,           14
226,         306,          18,           12
227,         282,          18,           11
228,         354,          18,           14
229,         330,          18,           13
230,         283,          19,           11
231,         258,          18,           10
232,         331,          19,           13
233,         307,          19,           12
234,         259,          19,           10
235,         355,          19,           14
236,         308,          20,           12
237,         284,          20,           11
238,         356,          20,           14
239,         332,          20,           13
240,         285,          21,           11
241,         260,          20,           10
242,         333,          21,           13
243,         309,          21,           12
244,         261,          21,           10
245,         357,          21,           14
246,         310,          22,           12
247,         286,          22,           11
248,         358,          22,           14
249,         334,          22,           13
250,         287,          23,           11
251,         262,          22,           10
252,         335,          23,           13
253,         311,          23,           12
254,         263,          23,           10
255,         359,          23,           14
256,         -100,          -100,           -100
257,         -100,          -100,           -100
258,         -100,          -100,           -100
259,         -100,          -100,           -100
260,         -100,          -100,           -100
261,         -100,          -100,           -100
262,         -100,          -100,           -100
263,         -100,          -100,           -100
264,         431,          23,           17
265,         455,          23,           18
266,         383,          23,           15
267,         407,          23,           16
268,         454,          22,           18
269,         479,          23,           19
270,         406,          22,           16
271,         430,          22,           17
272,         478,          22,           19
273,         382,          22,           15
274,         429,          21,           17
275,         453,          21,           18
276,         381,          21,           15
277,         405,          21,           16
278,         452,          20,           18
279,         477,          21,           19
280,         404,          20,           16
281,         428,          20,           17
282,         476,          20,           19
283,         380,          20,           15
284,         427,          19,           17
285,         451,          19,           18
286,         379,          19,           15
287,         403,          19,           16
288,         450,          18,           18
289,         475,          19,           19
290,         402,          18,           16
291,         426,          18,           17
292,         474,          18,           19
293,         378,          18,           15
294,         425,          17,           17
295,         449,          17,           18
296,         377,          17,           15
297,         401,          17,           16
298,         448,          16,           18
299,         473,          17,           19
300,         400,          16,           16
301,         424,          16,           17
302,         472,          16,           19
303,         376,          16,           15
304,         423,          15,           17
305,         447,          15,           18
306,         375,          15,           15
307,         399,          15,           16
308,         446,          14,           18
309,         471,          15,           19
310,         398,          14,           16
311,         422,          14,           17
312,         470,          14,           19
313,         374,          14,           15
314,         421,          13,           17
315,         445,          13,           18
316,         373,          13,           15
317,         397,          13,           16
318,         444,          12,           18
319,         469,          13,           19
320,         396,          12,           16
321,         420,          12,           17
322,         468,          12,           19
323,         372,          12,           15
324,         419,          11,           17
325,         443,          11,           18
326,         371,          11,           15
327,         395,          11,           16
328,         442,          10,           18
329,         467,          11,           19
330,         394,          10,           16
331,         418,          10,           17
332,         466,          10,           19
333,         370,          10,           15
334,         417,          9,           17
335,         441,          9,           18
336,         369,          9,           15
337,         393,          9,           16
338,         440,          8,           18
339,         465,          9,           19
340,         392,          8,           16
341,         416,          8,           17
342,         464,          8,           19
343,         368,          8,           15
344,         415,          7,           17
345,         439,          7,           18
346,         367,          7,           15
347,         391,          7,           16
348,         438,          6,           18
349,         463,          7,           19
350,         390,          6,           16
351,         414,          6,           17
352,         462,          6,           19
353,         366,          6,           15
354,         413,          5,           17
355,         437,          5,           18
356,         365,          5,           15
357,         389,          5,           16
358,         436,          4,           18
359,         461,          5,           19
360,         388,          4,           16
361,         412,          4,           17
362,         460,          4,           19
363,         364,          4,           15
364,         411,          3,           17
365,         435,          3,           18
366,         363,          3,           15
367,         387,          3,           16
368,         434,          2,           18
369,         459,          3,           19
370,         386,          2,           16
371,         410,          2,           17
372,         458,          2,           19
373,         362,          2,           15
374,         409,          1,           17
375,         433,          1,           18
376,         361,          1,           15
377,         385,          1,           16
378,         432,          0,           18
379,         457,          1,           19
380,         384,          0,           16
381,         408,          0,           17
382,         456,          0,           19
383,         360,          0,           15
384,         -100,          -100,           -100
385,         -100,          -100,           -100
386,         -100,          -100,           -100
387,         -100,          -100,           -100
388,         -100,          -100,           -100
389,         -100,          -100,           -100
390,         -100,          -100,           -100
391,         -100,          -100,           -100
392,         191,          23,           7
393,         215,          23,           8
394,         143,          23,           5
395,         167,          23,           6
396,         214,          22,           8
397,         239,          23,           9
398,         166,          22,           6
399,         190,          22,           7
400,         238,          22,           9
401,         142,          22,           5
402,         189,          21,           7
403,         213,          21,           8
404,         141,          21,           5
405,         165,          21,           6
406,         212,          20,           8
407,         237,          21,           9
408,         164,          20,           6
409,         188,          20,           7
410,         236,          20,           9
411,         140,          20,           5
412,         187,          19,           7
413,         211,          19,           8
414,         139,          19,           5
415,         163,          19,           6
416,         210,          18,           8
417,         235,          19,           9
418,         162,          18,           6
419,         186,          18,           7
420,         234,          18,           9
421,         138,          18,           5
422,         185,          17,           7
423,         209,          17,           8
424,         137,          17,           5
425,         161,          17,           6
426,         208,          16,           8
427,         233,          17,           9
428,         160,          16,           6
429,         184,          16,           7
430,         232,          16,           9
431,         136,          16,           5
432,         183,          15,           7
433,         207,          15,           8
434,         135,          15,           5
435,         159,          15,           6
436,         206,          14,           8
437,         231,          15,           9
438,         158,          14,           6
439,         182,          14,           7
440,         230,          14,           9
441,         134,          14,           5
442,         181,          13,           7
443,         205,          13,           8
444,         133,          13,           5
445,         157,          13,           6
446,         204,          12,           8
447,         229,          13,           9
448,         156,          12,           6
449,         180,          12,           7
450,         228,          12,           9
451,         132,          12,           5
452,         179,          11,           7
453,         203,          11,           8
454,         131,          11,           5
455,         155,          11,           6
456,         202,          10,           8
457,         227,          11,           9
458,         154,          10,           6
459,         178,          10,           7
460,         226,          10,           9
461,         130,          10,           5
462,         177,          9,           7
463,         201,          9,           8
464,         129,          9,           5
465,         153,          9,           6
466,         200,          8,           8
467,         225,          9,           9
468,         152,          8,           6
469,         176,          8,           7
470,         224,          8,           9
471,         128,          8,           5
472,         175,          7,           7
473,         199,          7,           8
474,         127,          7,           5
475,         151,          7,           6
476,         198,          6,           8
477,         223,          7,           9
478,         150,          6,           6
479,         174,          6,           7
480,         222,          6,           9
481,         126,          6,           5
482,         173,          5,           7
483,         197,          5,           8
484,         125,          5,           5
485,         149,          5,           6
486,         196,          4,           8
487,         221,          5,           9
488,         148,          4,           6
489,         172,          4,           7
490,         220,          4,           9
491,         124,          4,           5
492,         171,          3,           7
493,         195,          3,           8
494,         123,          3,           5
495,         147,          3,           6
496,         194,          2,           8
497,         219,          3,           9
498,         146,          2,           6
499,         170,          2,           7
500,         218,          2,           9
501,         122,          2,           5
502,         169,          1,           7
503,         193,          1,           8
504,         121,          1,           5
505,         145,          1,           6
506,         192,          0,           8
507,         217,          1,           9
508,         144,          0,           6
509,         168,          0,           7
510,         216,          0,           9
511,         120,          0,           5
