###########################################
#Channel,        Pad,        X,        Y###
###########################################
0,      -100,      -100,      -100
1,      -100,      -100,      -100
2,      -100,      -100,      -100
3,      -100,      -100,      -100
4,      -100,      -100,      -100
5,      167,      23,      3
6,      215,      23,      4
7,      71,      23,      1
8,      119,      23,      2
9,      214,      22,      4
10,      23,      23,      0
11,      118,      22,      2
12,      166,      22,      3
13,      22,      22,      0
14,      70,      22,      1
15,      165,      21,      3
16,      213,      21,      4
17,      69,      21,      1
18,      117,      21,      2
19,      212,      20,      4
20,      21,      21,      0
21,      116,      20,      2
22,      164,      20,      3
23,      20,      20,      0
24,      68,      20,      1
25,      163,      19,      3
26,      211,      19,      4
27,      67,      19,      1
28,      115,      19,      2
29,      210,      18,      4
30,      19,      19,      0
31,      114,      18,      2
32,      162,      18,      3
33,      18,      18,      0
34,      66,      18,      1
35,      161,      17,      3
36,      209,      17,      4
37,      65,      17,      1
38,      113,      17,      2
39,      208,      16,      4
40,      17,      17,      0
41,      112,      16,      2
42,      160,      16,      3
43,      16,      16,      0
44,      64,      16,      1
45,      159,      15,      3
46,      207,      15,      4
47,      63,      15,      1
48,      111,      15,      2
49,      206,      14,      4
50,      15,      15,      0
51,      110,      14,      2
52,      158,      14,      3
53,      14,      14,      0
54,      62,      14,      1
55,      157,      13,      3
56,      205,      13,      4
57,      61,      13,      1
58,      109,      13,      2
59,      204,      12,      4
60,      13,      13,      0
61,      108,      12,      2
62,      156,      12,      3
63,      12,      12,      0
64,      60,      12,      1
65,      155,      11,      3
66,      203,      11,      4
67,      59,      11,      1
68,      107,      11,      2
69,      202,      10,      4
70,      11,      11,      0
71,      106,      10,      2
72,      154,      10,      3
73,      10,      10,      0
74,      58,      10,      1
75,      153,      9,      3
76,      201,      9,      4
77,      57,      9,      1
78,      105,      9,      2
79,      200,      8,      4
80,      9,      9,      0
81,      104,      8,      2
82,      152,      8,      3
83,      8,      8,      0
84,      56,      8,      1
85,      151,      7,      3
86,      199,      7,      4
87,      55,      7,      1
88,      103,      7,      2
89,      198,      6,      4
90,      7,      7,      0
91,      102,      6,      2
92,      150,      6,      3
93,      6,      6,      0
94,      54,      6,      1
95,      149,      5,      3
96,      197,      5,      4
97,      53,      5,      1
98,      101,      5,      2
99,      196,      4,      4
100,      5,      5,      0
101,      100,      4,      2
102,      148,      4,      3
103,      4,      4,      0
104,      52,      4,      1
105,      147,      3,      3
106,      195,      3,      4
107,      51,      3,      1
108,      99,      3,      2
109,      194,      2,      4
110,      3,      3,      0
111,      98,      2,      2
112,      146,      2,      3
113,      2,      2,      0
114,      50,      2,      1
115,      145,      1,      3
116,      193,      1,      4
117,      49,      1,      1
118,      97,      1,      2
119,      192,      0,      4
120,      1,      1,      0
121,      96,      0,      2
122,      144,      0,      3
123,      0,      0,      0
124,      48,      0,      1
125,      -100,      -100,      -100
126,      -100,      -100,      -100
127,      -100,      -100,      -100
128,      -100,      -100,      -100
129,      -100,      -100,      -100
130,      -100,      -100,      -100
131,      -100,      -100,      -100
132,      -100,      -100,      -100
133,      191,      47,      3
134,      239,      47,      4
135,      95,      47,      1
136,      143,      47,      2
137,      238,      46,      4
138,      47,      47,      0
139,      142,      46,      2
140,      190,      46,      3
141,      46,      46,      0
142,      94,      46,      1
143,      189,      45,      3
144,      237,      45,      4
145,      93,      45,      1
146,      141,      45,      2
147,      236,      44,      4
148,      45,      45,      0
149,      140,      44,      2
150,      188,      44,      3
151,      44,      44,      0
152,      92,      44,      1
153,      187,      43,      3
154,      235,      43,      4
155,      91,      43,      1
156,      139,      43,      2
157,      234,      42,      4
158,      43,      43,      0
159,      138,      42,      2
160,      186,      42,      3
161,      42,      42,      0
162,      90,      42,      1
163,      185,      41,      3
164,      233,      41,      4
165,      89,      41,      1
166,      137,      41,      2
167,      232,      40,      4
168,      41,      41,      0
169,      136,      40,      2
170,      184,      40,      3
171,      40,      40,      0
172,      88,      40,      1
173,      183,      39,      3
174,      231,      39,      4
175,      87,      39,      1
176,      135,      39,      2
177,      230,      38,      4
178,      39,      39,      0
179,      134,      38,      2
180,      182,      38,      3
181,      38,      38,      0
182,      86,      38,      1
183,      181,      37,      3
184,      229,      37,      4
185,      85,      37,      1
186,      133,      37,      2
187,      228,      36,      4
188,      37,      37,      0
189,      132,      36,      2
190,      180,      36,      3
191,      36,      36,      0
192,      84,      36,      1
193,      179,      35,      3
194,      227,      35,      4
195,      83,      35,      1
196,      131,      35,      2
197,      226,      34,      4
198,      35,      35,      0
199,      130,      34,      2
200,      178,      34,      3
201,      34,      34,      0
202,      82,      34,      1
203,      177,      33,      3
204,      225,      33,      4
205,      81,      33,      1
206,      129,      33,      2
207,      224,      32,      4
208,      33,      33,      0
209,      128,      32,      2
210,      176,      32,      3
211,      32,      32,      0
212,      80,      32,      1
213,      175,      31,      3
214,      223,      31,      4
215,      79,      31,      1
216,      127,      31,      2
217,      222,      30,      4
218,      31,      31,      0
219,      126,      30,      2
220,      174,      30,      3
221,      30,      30,      0
222,      78,      30,      1
223,      173,      29,      3
224,      221,      29,      4
225,      77,      29,      1
226,      125,      29,      2
227,      220,      28,      4
228,      29,      29,      0
229,      124,      28,      2
230,      172,      28,      3
231,      28,      28,      0
232,      76,      28,      1
233,      171,      27,      3
234,      219,      27,      4
235,      75,      27,      1
236,      123,      27,      2
237,      218,      26,      4
238,      27,      27,      0
239,      122,      26,      2
240,      170,      26,      3
241,      26,      26,      0
242,      74,      26,      1
243,      169,      25,      3
244,      217,      25,      4
245,      73,      25,      1
246,      121,      25,      2
247,      216,      24,      4
248,      25,      25,      0
249,      120,      24,      2
250,      168,      24,      3
251,      24,      24,      0
252,      72,      24,      1
253,      -100,      -100,      -100
254,      -100,      -100,      -100
255,      -100,      -100,      -100
256,      -100,      -100,      -100
257,      -100,      -100,      -100
258,      -100,      -100,      -100
259,      312,      24,      6
260,      264,      24,      5
261,      408,      24,      8
262,      360,      24,      7
263,      265,      25,      5
264,      456,      24,      9
265,      361,      25,      7
266,      313,      25,      6
267,      457,      25,      9
268,      409,      25,      8
269,      314,      26,      6
270,      266,      26,      5
271,      410,      26,      8
272,      362,      26,      7
273,      267,      27,      5
274,      458,      26,      9
275,      363,      27,      7
276,      315,      27,      6
277,      459,      27,      9
278,      411,      27,      8
279,      316,      28,      6
280,      268,      28,      5
281,      412,      28,      8
282,      364,      28,      7
283,      269,      29,      5
284,      460,      28,      9
285,      365,      29,      7
286,      317,      29,      6
287,      461,      29,      9
288,      413,      29,      8
289,      318,      30,      6
290,      270,      30,      5
291,      414,      30,      8
292,      366,      30,      7
293,      271,      31,      5
294,      462,      30,      9
295,      367,      31,      7
296,      319,      31,      6
297,      463,      31,      9
298,      415,      31,      8
299,      320,      32,      6
300,      272,      32,      5
301,      416,      32,      8
302,      368,      32,      7
303,      273,      33,      5
304,      464,      32,      9
305,      369,      33,      7
306,      321,      33,      6
307,      465,      33,      9
308,      417,      33,      8
309,      322,      34,      6
310,      274,      34,      5
311,      418,      34,      8
312,      370,      34,      7
313,      275,      35,      5
314,      466,      34,      9
315,      371,      35,      7
316,      323,      35,      6
317,      467,      35,      9
318,      419,      35,      8
319,      324,      36,      6
320,      276,      36,      5
321,      420,      36,      8
322,      372,      36,      7
323,      277,      37,      5
324,      468,      36,      9
325,      373,      37,      7
326,      325,      37,      6
327,      469,      37,      9
328,      421,      37,      8
329,      326,      38,      6
330,      278,      38,      5
331,      422,      38,      8
332,      374,      38,      7
333,      279,      39,      5
334,      470,      38,      9
335,      375,      39,      7
336,      327,      39,      6
337,      471,      39,      9
338,      423,      39,      8
339,      328,      40,      6
340,      280,      40,      5
341,      424,      40,      8
342,      376,      40,      7
343,      281,      41,      5
344,      472,      40,      9
345,      377,      41,      7
346,      329,      41,      6
347,      473,      41,      9
348,      425,      41,      8
349,      330,      42,      6
350,      282,      42,      5
351,      426,      42,      8
352,      378,      42,      7
353,      283,      43,      5
354,      474,      42,      9
355,      379,      43,      7
356,      331,      43,      6
357,      475,      43,      9
358,      427,      43,      8
359,      332,      44,      6
360,      284,      44,      5
361,      428,      44,      8
362,      380,      44,      7
363,      285,      45,      5
364,      476,      44,      9
365,      381,      45,      7
366,      333,      45,      6
367,      477,      45,      9
368,      429,      45,      8
369,      334,      46,      6
370,      286,      46,      5
371,      430,      46,      8
372,      382,      46,      7
373,      287,      47,      5
374,      478,      46,      9
375,      383,      47,      7
376,      335,      47,      6
377,      479,      47,      9
378,      431,      47,      8
379,      -100,      -100,      -100
380,      -100,      -100,      -100
381,      -100,      -100,      -100
382,      -100,      -100,      -100
383,      -100,      -100,      -100
384,      -100,      -100,      -100
385,      -100,      -100,      -100
386,      -100,      -100,      -100
387,      288,      0,      6
388,      240,      0,      5
389,      384,      0,      8
390,      336,      0,      7
391,      241,      1,      5
392,      432,      0,      9
393,      337,      1,      7
394,      289,      1,      6
395,      433,      1,      9
396,      385,      1,      8
397,      290,      2,      6
398,      242,      2,      5
399,      386,      2,      8
400,      338,      2,      7
401,      243,      3,      5
402,      434,      2,      9
403,      339,      3,      7
404,      291,      3,      6
405,      435,      3,      9
406,      387,      3,      8
407,      292,      4,      6
408,      244,      4,      5
409,      388,      4,      8
410,      340,      4,      7
411,      245,      5,      5
412,      436,      4,      9
413,      341,      5,      7
414,      293,      5,      6
415,      437,      5,      9
416,      389,      5,      8
417,      294,      6,      6
418,      246,      6,      5
419,      390,      6,      8
420,      342,      6,      7
421,      247,      7,      5
422,      438,      6,      9
423,      343,      7,      7
424,      295,      7,      6
425,      439,      7,      9
426,      391,      7,      8
427,      296,      8,      6
428,      248,      8,      5
429,      392,      8,      8
430,      344,      8,      7
431,      249,      9,      5
432,      440,      8,      9
433,      345,      9,      7
434,      297,      9,      6
435,      441,      9,      9
436,      393,      9,      8
437,      298,      10,      6
438,      250,      10,      5
439,      394,      10,      8
440,      346,      10,      7
441,      251,      11,      5
442,      442,      10,      9
443,      347,      11,      7
444,      299,      11,      6
445,      443,      11,      9
446,      395,      11,      8
447,      300,      12,      6
448,      252,      12,      5
449,      396,      12,      8
450,      348,      12,      7
451,      253,      13,      5
452,      444,      12,      9
453,      349,      13,      7
454,      301,      13,      6
455,      445,      13,      9
456,      397,      13,      8
457,      302,      14,      6
458,      254,      14,      5
459,      398,      14,      8
460,      350,      14,      7
461,      255,      15,      5
462,      446,      14,      9
463,      351,      15,      7
464,      303,      15,      6
465,      447,      15,      9
466,      399,      15,      8
467,      304,      16,      6
468,      256,      16,      5
469,      400,      16,      8
470,      352,      16,      7
471,      257,      17,      5
472,      448,      16,      9
473,      353,      17,      7
474,      305,      17,      6
475,      449,      17,      9
476,      401,      17,      8
477,      306,      18,      6
478,      258,      18,      5
479,      402,      18,      8
480,      354,      18,      7
481,      259,      19,      5
482,      450,      18,      9
483,      355,      19,      7
484,      307,      19,      6
485,      451,      19,      9
486,      403,      19,      8
487,      308,      20,      6
488,      260,      20,      5
489,      404,      20,      8
490,      356,      20,      7
491,      261,      21,      5
492,      452,      20,      9
493,      357,      21,      7
494,      309,      21,      6
495,      453,      21,      9
496,      405,      21,      8
497,      310,      22,      6
498,      262,      22,      5
499,      406,      22,      8
500,      358,      22,      7
501,      263,      23,      5
502,      454,      22,      9
503,      359,      23,      7
504,      311,      23,      6
505,      455,      23,      9
506,      407,      23,      8
507,      -100,      -100,      -100
508,      -100,      -100,      -100
509,      -100,      -100,      -100
510,      -100,      -100,      -100
511,      -100,      -100,      -100
