###########################################
#Channel,        Pad,        X,        Y###
###########################################
0,         -100,          -100,           -100
1,         -100,          -100,           -100
2,         -100,          -100,           -100
3,         -100,          -100,           -100
4,         -100,          -100,           -100
5,         -100,          -100,           -100
6,         -100,          -100,           -100
7,         -100,          -100,           -100
8,         48,          0,           2
9,         24,          0,           1
10,         96,          0,           4
11,         72,          0,           3
12,         25,          1,           1
13,         0,          0,           0
14,         73,          1,           3
15,         49,          1,           2
16,         1,          1,           0
17,         97,          1,           4
18,         50,          2,           2
19,         26,          2,           1
20,         98,          2,           4
21,         74,          2,           3
22,         27,          3,           1
23,         2,          2,           0
24,         75,          3,           3
25,         51,          3,           2
26,         3,          3,           0
27,         99,          3,           4
28,         52,          4,           2
29,         28,          4,           1
30,         100,          4,           4
31,         76,          4,           3
32,         29,          5,           1
33,         4,          4,           0
34,         77,          5,           3
35,         53,          5,           2
36,         5,          5,           0
37,         101,          5,           4
38,         54,          6,           2
39,         30,          6,           1
40,         102,          6,           4
41,         78,          6,           3
42,         31,          7,           1
43,         6,          6,           0
44,         79,          7,           3
45,         55,          7,           2
46,         7,          7,           0
47,         103,          7,           4
48,         56,          8,           2
49,         32,          8,           1
50,         104,          8,           4
51,         80,          8,           3
52,         33,          9,           1
53,         8,          8,           0
54,         81,          9,           3
55,         57,          9,           2
56,         9,          9,           0
57,         105,          9,           4
58,         58,          10,           2
59,         34,          10,           1
60,         106,          10,           4
61,         82,          10,           3
62,         35,          11,           1
63,         10,          10,           0
64,         83,          11,           3
65,         59,          11,           2
66,         11,          11,           0
67,         107,          11,           4
68,         60,          12,           2
69,         36,          12,           1
70,         108,          12,           4
71,         84,          12,           3
72,         37,          13,           1
73,         12,          12,           0
74,         85,          13,           3
75,         61,          13,           2
76,         13,          13,           0
77,         109,          13,           4
78,         62,          14,           2
79,         38,          14,           1
80,         110,          14,           4
81,         86,          14,           3
82,         39,          15,           1
83,         14,          14,           0
84,         87,          15,           3
85,         63,          15,           2
86,         15,          15,           0
87,         111,          15,           4
88,         64,          16,           2
89,         40,          16,           1
90,         112,          16,           4
91,         88,          16,           3
92,         41,          17,           1
93,         16,          16,           0
94,         89,          17,           3
95,         65,          17,           2
96,         17,          17,           0
97,         113,          17,           4
98,         66,          18,           2
99,         42,          18,           1
100,         114,          18,           4
101,         90,          18,           3
102,         43,          19,           1
103,         18,          18,           0
104,         91,          19,           3
105,         67,          19,           2
106,         19,          19,           0
107,         115,          19,           4
108,         68,          20,           2
109,         44,          20,           1
110,         116,          20,           4
111,         92,          20,           3
112,         45,          21,           1
113,         20,          20,           0
114,         93,          21,           3
115,         69,          21,           2
116,         21,          21,           0
117,         117,          21,           4
118,         70,          22,           2
119,         46,          22,           1
120,         118,          22,           4
121,         94,          22,           3
122,         47,          23,           1
123,         22,          22,           0
124,         95,          23,           3
125,         71,          23,           2
126,         23,          23,           0
127,         119,          23,           4
128,         -100,          -100,           -100
129,         -100,          -100,           -100
130,         -100,          -100,           -100
131,         -100,          -100,           -100
132,         -100,          -100,           -100
133,         -100,          -100,           -100
134,         -100,          -100,           -100
135,         -100,          -100,           -100
136,         119,          -1,           5
137,         215,          -1,           9
138,         168,          0,           7
139,         144,          0,           6
140,         216,          0,           9
141,         192,          0,           8
142,         145,          1,           6
143,         120,          0,           5
144,         193,          1,           8
145,         169,          1,           7
146,         121,          1,           5
147,         217,          1,           9
148,         170,          2,           7
149,         146,          2,           6
150,         218,          2,           9
151,         194,          2,           8
152,         147,          3,           6
153,         122,          2,           5
154,         195,          3,           8
155,         171,          3,           7
156,         123,          3,           5
157,         219,          3,           9
158,         172,          4,           7
159,         148,          4,           6
160,         220,          4,           9
161,         196,          4,           8
162,         149,          5,           6
163,         124,          4,           5
164,         197,          5,           8
165,         173,          5,           7
166,         125,          5,           5
167,         221,          5,           9
168,         174,          6,           7
169,         150,          6,           6
170,         222,          6,           9
171,         198,          6,           8
172,         151,          7,           6
173,         126,          6,           5
174,         199,          7,           8
175,         175,          7,           7
176,         127,          7,           5
177,         223,          7,           9
178,         176,          8,           7
179,         152,          8,           6
180,         224,          8,           9
181,         200,          8,           8
182,         153,          9,           6
183,         128,          8,           5
184,         201,          9,           8
185,         177,          9,           7
186,         129,          9,           5
187,         225,          9,           9
188,         178,          10,           7
189,         154,          10,           6
190,         226,          10,           9
191,         202,          10,           8
192,         155,          11,           6
193,         130,          10,           5
194,         203,          11,           8
195,         179,          11,           7
196,         131,          11,           5
197,         227,          11,           9
198,         180,          12,           7
199,         156,          12,           6
200,         228,          12,           9
201,         204,          12,           8
202,         157,          13,           6
203,         132,          12,           5
204,         205,          13,           8
205,         181,          13,           7
206,         133,          13,           5
207,         229,          13,           9
208,         182,          14,           7
209,         158,          14,           6
210,         230,          14,           9
211,         206,          14,           8
212,         159,          15,           6
213,         134,          14,           5
214,         207,          15,           8
215,         183,          15,           7
216,         135,          15,           5
217,         231,          15,           9
218,         184,          16,           7
219,         160,          16,           6
220,         232,          16,           9
221,         208,          16,           8
222,         161,          17,           6
223,         136,          16,           5
224,         209,          17,           8
225,         185,          17,           7
226,         137,          17,           5
227,         233,          17,           9
228,         186,          18,           7
229,         162,          18,           6
230,         234,          18,           9
231,         210,          18,           8
232,         163,          19,           6
233,         138,          18,           5
234,         211,          19,           8
235,         187,          19,           7
236,         139,          19,           5
237,         235,          19,           9
238,         188,          20,           7
239,         164,          20,           6
240,         236,          20,           9
241,         212,          20,           8
242,         165,          21,           6
243,         140,          20,           5
244,         213,          21,           8
245,         189,          21,           7
246,         141,          21,           5
247,         237,          21,           9
248,         190,          22,           7
249,         166,          22,           6
250,         238,          22,           9
251,         214,          22,           8
252,         167,          23,           6
253,         142,          22,           5
254,         215,          23,           8
255,         191,          23,           7
256,         -100,          -100,           -100
257,         -100,          -100,           -100
258,         -100,          -100,           -100
259,         -100,          -100,           -100
260,         -100,          -100,           -100
261,         -100,          -100,           -100
262,         -100,          -100,           -100
263,         -100,          -100,           -100
264,         311,          -1,           13
265,         287,          -1,           12
266,         239,          -1,           10
267,         335,          -1,           14
268,         288,          0,           12
269,         264,          0,           11
270,         336,          0,           14
271,         312,          0,           13
272,         265,          1,           11
273,         240,          0,           10
274,         313,          1,           13
275,         289,          1,           12
276,         241,          1,           10
277,         337,          1,           14
278,         290,          2,           12
279,         266,          2,           11
280,         338,          2,           14
281,         314,          2,           13
282,         267,          3,           11
283,         242,          2,           10
284,         315,          3,           13
285,         291,          3,           12
286,         243,          3,           10
287,         339,          3,           14
288,         292,          4,           12
289,         268,          4,           11
290,         340,          4,           14
291,         316,          4,           13
292,         269,          5,           11
293,         244,          4,           10
294,         317,          5,           13
295,         293,          5,           12
296,         245,          5,           10
297,         341,          5,           14
298,         294,          6,           12
299,         270,          6,           11
300,         342,          6,           14
301,         318,          6,           13
302,         271,          7,           11
303,         246,          6,           10
304,         319,          7,           13
305,         295,          7,           12
306,         247,          7,           10
307,         343,          7,           14
308,         296,          8,           12
309,         272,          8,           11
310,         344,          8,           14
311,         320,          8,           13
312,         273,          9,           11
313,         248,          8,           10
314,         321,          9,           13
315,         297,          9,           12
316,         249,          9,           10
317,         345,          9,           14
318,         298,          10,           12
319,         274,          10,           11
320,         346,          10,           14
321,         322,          10,           13
322,         275,          11,           11
323,         250,          10,           10
324,         323,          11,           13
325,         299,          11,           12
326,         251,          11,           10
327,         347,          11,           14
328,         300,          12,           12
329,         276,          12,           11
330,         348,          12,           14
331,         324,          12,           13
332,         277,          13,           11
333,         252,          12,           10
334,         325,          13,           13
335,         301,          13,           12
336,         253,          13,           10
337,         349,          13,           14
338,         302,          14,           12
339,         278,          14,           11
340,         350,          14,           14
341,         326,          14,           13
342,         279,          15,           11
343,         254,          14,           10
344,         327,          15,           13
345,         303,          15,           12
346,         255,          15,           10
347,         351,          15,           14
348,         304,          16,           12
349,         280,          16,           11
350,         352,          16,           14
351,         328,          16,           13
352,         281,          17,           11
353,         256,          16,           10
354,         329,          17,           13
355,         305,          17,           12
356,         257,          17,           10
357,         353,          17,           14
358,         306,          18,           12
359,         282,          18,           11
360,         354,          18,           14
361,         330,          18,           13
362,         283,          19,           11
363,         258,          18,           10
364,         331,          19,           13
365,         307,          19,           12
366,         259,          19,           10
367,         355,          19,           14
368,         308,          20,           12
369,         284,          20,           11
370,         356,          20,           14
371,         332,          20,           13
372,         285,          21,           11
373,         260,          20,           10
374,         333,          21,           13
375,         309,          21,           12
376,         261,          21,           10
377,         357,          21,           14
378,         310,          22,           12
379,         286,          22,           11
380,         358,          22,           14
381,         334,          22,           13
382,         287,          23,           11
383,         262,          22,           10
384,         -100,          -100,           -100
385,         -100,          -100,           -100
386,         -100,          -100,           -100
387,         -100,          -100,           -100
388,         -100,          -100,           -100
389,         -100,          -100,           -100
390,         -100,          -100,           -100
391,         -100,          -100,           -100
392,         383,          -1,           16
393,         358,          -2,           15
394,         431,          -1,           18
395,         407,          -1,           17
396,         359,          -1,           15
397,         455,          -1,           19
398,         408,          0,           17
399,         384,          0,           16
400,         456,          0,           19
401,         432,          0,           18
402,         385,          1,           16
403,         360,          0,           15
404,         433,          1,           18
405,         409,          1,           17
406,         361,          1,           15
407,         457,          1,           19
408,         410,          2,           17
409,         386,          2,           16
410,         458,          2,           19
411,         434,          2,           18
412,         387,          3,           16
413,         362,          2,           15
414,         435,          3,           18
415,         411,          3,           17
416,         363,          3,           15
417,         459,          3,           19
418,         412,          4,           17
419,         388,          4,           16
420,         460,          4,           19
421,         436,          4,           18
422,         389,          5,           16
423,         364,          4,           15
424,         437,          5,           18
425,         413,          5,           17
426,         365,          5,           15
427,         461,          5,           19
428,         414,          6,           17
429,         390,          6,           16
430,         462,          6,           19
431,         438,          6,           18
432,         391,          7,           16
433,         366,          6,           15
434,         439,          7,           18
435,         415,          7,           17
436,         367,          7,           15
437,         463,          7,           19
438,         416,          8,           17
439,         392,          8,           16
440,         464,          8,           19
441,         440,          8,           18
442,         393,          9,           16
443,         368,          8,           15
444,         441,          9,           18
445,         417,          9,           17
446,         369,          9,           15
447,         465,          9,           19
448,         418,          10,           17
449,         394,          10,           16
450,         466,          10,           19
451,         442,          10,           18
452,         395,          11,           16
453,         370,          10,           15
454,         443,          11,           18
455,         419,          11,           17
456,         371,          11,           15
457,         467,          11,           19
458,         420,          12,           17
459,         396,          12,           16
460,         468,          12,           19
461,         444,          12,           18
462,         397,          13,           16
463,         372,          12,           15
464,         445,          13,           18
465,         421,          13,           17
466,         373,          13,           15
467,         469,          13,           19
468,         422,          14,           17
469,         398,          14,           16
470,         470,          14,           19
471,         446,          14,           18
472,         399,          15,           16
473,         374,          14,           15
474,         447,          15,           18
475,         423,          15,           17
476,         375,          15,           15
477,         471,          15,           19
478,         424,          16,           17
479,         400,          16,           16
480,         472,          16,           19
481,         448,          16,           18
482,         401,          17,           16
483,         376,          16,           15
484,         449,          17,           18
485,         425,          17,           17
486,         377,          17,           15
487,         473,          17,           19
488,         426,          18,           17
489,         402,          18,           16
490,         474,          18,           19
491,         450,          18,           18
492,         403,          19,           16
493,         378,          18,           15
494,         451,          19,           18
495,         427,          19,           17
496,         379,          19,           15
497,         475,          19,           19
498,         428,          20,           17
499,         404,          20,           16
500,         476,          20,           19
501,         452,          20,           18
502,         405,          21,           16
503,         380,          20,           15
504,         453,          21,           18
505,         429,          21,           17
506,         381,          21,           15
507,         477,          21,           19
508,         430,          22,           17
509,         406,          22,           16
510,         478,          22,           19
511,         454,          22,           18
